403325 403326 403327 403328 - 0.0004 - 0.00011392791586474908
709328 709327 709326 709325 605900 605888 605889 605890 - 0.010391666666666667 - 0.0022178784526164343
266594 266593 - 3.7500000000000003e-05 - 3.098636781062735e-05
902972 902973 902974 - 0.0006666666666666666 - 0.0001890894057545629
847098 847099 847100 847101 15814 - 0.0026666666666666666 - 0.0006971774076835407
660866 660852 866290 866289 660867 660859 - 0.0039700000000000004 - 0.0019925704066765027
268389 229340 229341 - 0.0023666666666666667 - 0.0003558014722844552
542568 542569 542570 542571 542572 542573 542574 542575 542576 542577 542578 542579 542580 542581 542582 - 0.005145454545454546 - 0.005197137796177899
663763 663764 - 5e-05 - 4.415947425594116e-05
215278 215279 - 3.3333333333333335e-05 - 9.090909090909091e-06
495878 495879 - 0.0015666666666666667 - 0.00042819583474906363
364112 364113 364114 364115 728874 - 0.004795833333333333 - 0.0011262978983034005
122304 122305 122306 122307 122308 - 0.0039000000000000007 - 0.0010859651104143892
96169 96170 96171 96172 720711 720712 720713 720714 720715 8453 8454 8455 - 0.019814545454545453 - 0.019368602021133875
102540 102541 102542 102543 102544 - 0.0020333333333333336 - 0.0005322509648552757
621014 621013 621012 621011 621010 621009 621008 621007 621082 621083 - 0.011333333333333334 - 0.00204573586178185
39874 39873 39872 - 0.002288888888888889 - 0.001870974772431392
781525 781526 - 0.0002 - 6.271237866744955e-05
183042 183043 183044 - 0.0002666666666666667 - 7.392010421077346e-05
863252 863125 863126 862913 863173 863174 - 0.0015374999999999998 - 0.0010680271428093956
915928 915929 915930 915931 915932 915901 915902 915903 915904 - 0.005043636363636364 - 0.0048341723165404695
452514 452515 452516 - 0.0002666666666666667 - 7.944362711017719e-05
392019 392020 392021 392022 392023 - 0.0008333333333333333 - 0.0002320827209907791
184837 184836 - 0.0005 - 0.00014102772262129953
919203 586872 586873 586874 586894 586895 586896 586897 586898 - 0.0040625 - 0.0026980722610245663
637719 637721 637722 - 0.0010666666666666667 - 0.00029751093123984193
501541 501540 501539 501538 501537 - 0.0010363636363636363 - 0.0010601627636947224
835127 835126 - 0.0006666666666666666 - 0.00018796311801302825
876410 876411 594726 594725 594724 594723 594722 594721 594720 594719 594718 874502 594976 - 0.010916666666666667 - 0.004700303999363399
525419 525418 525417 525416 - 0.0071333333333333335 - 0.001944790964519833
112257 112258 - 0.0001 - 3.143909536146188e-05
304901 304900 218051 - 5e-05 - 5.191605036144984e-05
3899 3900 3855 3856 87955 87954 - 0.0012499999999999998 - 0.0007790472633962578
632754 632755 632756 632757 632758 632759 - 0.004833333333333334 - 0.0013346714247659478
539222 539223 539224 539188 539189 539190 - 0.004445833333333333 - 0.0011767054509277592
26156 26157 26158 26159 16919 15957 15958 15959 874902 641341 641342 641343 641344 - 0.013087500000000002 - 0.003172919780083204
890831 890830 - 0.0004 - 0.0001150775838843562
834257 834256 834255 834254 834253 - 0.0022333333333333337 - 0.0006203331064820849
884744 884745 884746 884747 884748 884749 884750 - 0.00335 - 0.002278116324085607
165225 165226 165227 - 0.0001 - 8.8415736429713e-05
54574 54575 54576 54606 - 0.0020375 - 0.0014857684482447433
53421 53422 53423 53424 53425 53426 53427 635073 - 0.007431818181818183 - 0.007131879272224578
908103 908104 908105 - 0.004666666666666666 - 0.0012743657575477276
511835 511834 511833 511832 511831 - 0.004666666666666667 - 0.0012676813844511076
428551 428550 - 0.0016 - 0.0004442946671312073
39607 39608 - 0.003977777777777778 - 0.0032580642583785366
536250 536584 536583 536603 - 0.0071 - 0.0016554440638698257
46928 39569 39570 17269 17270 17271 46927 - 0.013395833333333333 - 0.0005637323797174925
188866 188865 - 0.0006666666666666666 - 0.00018893594802258222
826421 826422 - 0.0010333333333333334 - 0.0002875808375206696
510026 510027 510028 - 0.0033 - 0.000892982651517285
261572 261573 261574 261575 261576 261577 - 0.0012333333333333335 - 0.0003507637346285667
482753 482919 482918 482917 482394 482916 - 0.004725 - 0.0034422304834683367
802607 802606 - 0.0003111111111111111 - 0.0002632178258916736
591585 591584 591583 - 0.00046363636363636366 - 0.00046756348733650605
20932 20931 621924 621925 - 0.0037124999999999997 - 0.000961172231178806
907669 907670 907671 566312 907642 907643 907644 907645 907646 907647 - 0.003433333333333333 - 0.00025521870481438365
193370 193369 193368 - 0.0004 - 0.0001122641652786104
503555 503554 503553 - 0.0018666666666666666 - 0.0005166042498161173
255084 255083 - 0.00013333333333333334 - 4.1196979044768925e-05
846989 846990 - 0.0012000000000000001 - 0.000328666285005255
861089 861090 - 0.0018 - 0.001471447731840247
670443 670442 670441 670440 670439 670438 670437 - 0.006733333333333334 - 0.0017723481815166147
373724 373723 373722 373721 - 0.0024333333333333334 - 0.0006497958637398615
163957 163958 163959 163960 163961 114980 114979 117734 117735 - 0.0062833333333333335 - 0.0022935033081979764
498827 498828 498829 - 0.0018999999999999998 - 0.0005175858787804851
290691 290692 - 4.4444444444444447e-05 - 3.842269347165824e-05
33042 9540 547860 547861 547862 41169 547863 547864 - 0.0047375 - 0.0012621259180889426
856238 856239 856240 856241 - 0.0005625 - 0.00040913928319954534
863402 863403 863687 863688 863689 - 0.0030499999999999998 - 0.000841800804387397
926614 926615 - 0.00022500000000000002 - 0.00016766926110583984
708891 708882 - 0.00046666666666666666 - 0.00013153472189200482
584019 584018 - 0.0008666666666666667 - 0.00023705112978973273
648344 648343 648342 648341 850752 850753 850735 850734 - 0.011033333333333332 - 0.002519710982357186
206243 206242 206241 206240 - 0.00030000000000000003 - 0.0002305168034967724
449393 449394 449395 449396 - 0.0028333333333333335 - 0.0007793245444211527
894751 894752 894753 894754 - 0.0001625 - 0.00013166752962363943
354169 354168 - 5e-05 - 3.671019126300287e-05
561809 561810 561811 561812 561813 - 0.00021250000000000002 - 0.00016612070613441552
862756 862757 862758 862759 862760 - 0.00042222222222222227 - 0.00035955879445278893
732539 732538 - 0.0022 - 0.0006020832568161563
160306 146401 160305 - 0.006575 - 0.0029893550410311095
905716 905717 905718 905719 905720 905721 905722 905723 905724 905725 - 0.007354545454545455 - 0.007353235747784468
540960 540959 - 0.0008545454545454545 - 0.0008577106911774144
672551 644564 644580 644579 648773 - 0.010833333333333334 - 0.0024789437774266772
511791 511790 511789 511788 511870 511871 511872 511873 - 0.003125 - 0.0011049063783131797
278855 278854 - 0.0029666666666666665 - 0.0008136144559331963
20192 20193 20194 20195 20196 20197 20180 20179 20178 20177 20176 - 0.00477361111111111 - 0.0037923475327224327
182949 182950 182951 182952 - 0.0004 - 0.00011370574478211784
312608 312609 312610 312611 - 0.0014333333333333333 - 0.0004099102091162755
685157 685158 685159 685160 685161 - 0.001788888888888889 - 0.0014926132303753783
289194 289193 - 5e-05 - 3.7709562560331375e-05
399363 399364 - 5e-05 - 4.51422115802159e-05
898305 898304 866165 866164 866163 866162 866161 866160 - 0.003811111111111111 - 0.0022587402178002
754302 754301 754269 754270 754271 754272 - 0.0074 - 0.0012110921584917072
938608 938530 938609 938591 - 0.0005666666666666667 - 0.00016328264091725953
707775 707774 - 0.00045000000000000004 - 0.00033003473642356925
671036 671037 671038 671039 671040 671042 - 0.0026333333333333334 - 0.0007108411472406263
219688 219687 - 0.0019 - 0.0005179729840438685
485384 485385 485386 842531 842530 - 0.0011749999999999998 - 0.0008287977668762486
