403325 403326 403327 403328 - 0.0005139279158647491
709328 709327 709326 709325 605900 605888 605889 605890 - 0.0126095451192831
266594 266593 - 6.848636781062735e-05
902972 902973 902974 - 0.0008557560724212295
847098 847099 847100 847101 15814 - 0.0033638440743502074
660866 660852 866290 866289 660867 660859 - 0.005962570406676504
268389 229340 229341 - 0.002722468138951122
542568 542569 542570 542571 542572 542573 542574 542575 542576 542577 542578 542579 542580 542581 542582 - 0.010342592341632446
663763 663764 - 9.415947425594116e-05
215278 215279 - 4.242424242424242e-05
495878 495879 - 0.00199486250141573
364112 364113 364114 364115 728874 - 0.005922131231636734
122304 122305 122306 122307 122308 - 0.00498596511041439
96169 96170 96171 96172 720711 720712 720713 720714 720715 8453 8454 8455 - 0.03918314747567933
102540 102541 102542 102543 102544 - 0.0025655842981886093
621014 621013 621012 621011 621010 621009 621008 621007 621082 621083 - 0.013379069195115185
39874 39873 39872 - 0.004159863661320281
781525 781526 - 0.00026271237866744957
183042 183043 183044 - 0.00034058677087744015
863252 863125 863126 862913 863173 863174 - 0.0026055271428093952
915928 915929 915930 915931 915932 915901 915902 915903 915904 - 0.009877808680176833
452514 452515 452516 - 0.00034611029377684384
392019 392020 392021 392022 392023 - 0.0010654160543241123
184837 184836 - 0.0006410277226212996
919203 586872 586873 586874 586894 586895 586896 586897 586898 - 0.006760572261024566
637719 637721 637722 - 0.0013641775979065086
501541 501540 501539 501538 501537 - 0.0020965264000583584
835127 835126 - 0.0008546297846796949
