577878 577879 - 0.011166666666666667
757961 757962 757963 757964 757965 711585 757966 757967 - 0.00155
380544 373168 380543 380542 - 0.0029
436245 436246 - 8.888888888888889e-05
34369 34370 34371 - 0.003033333333333333
183696 183697 183698 - 0.0002666666666666667
412719 412718 412717 412716 412715 - 0.010833333333333334
654818 654819 - 0.009033333333333334
214295 214294 214293 - 0.0007333333333333334
816338 816339 879523 879524 879525 585667 585668 816337 - 0.0006750000000000001
36804 36805 36806 36807 - 0.013533333333333335
258565 258564 258563 258562 - 0.0005333333333333334
46900 46901 46902 46903 46904 46905 46906 46907 523288 523289 - 0.003788181818181818
551483 551479 827194 827195 - 0.006033333333333333
452793 452792 452791 - 0.0001666666666666667
555790 555791 - 0.0013
926129 926128 - 0.0009555555555555556
237302 237301 237300 - 0.00015555555555555554
917479 466320 466321 466322 466323 466324 466325 466326 466327 - 0.008589393939393938
631993 631994 631995 631996 631997 - 0.0022
123817 123816 - 0.0006333333333333333
751464 751465 808784 35824 35652 750183 750184 750185 750186 866418 - 0.005154166666666667
831262 831263 831264 - 0.001088888888888889
654705 654704 654690 - 0.004533333333333334
864515 864289 864290 864291 864285 864286 - 0.012683333333333335
199456 199457 199458 199459 - 0.0006000000000000001
609356 831167 - 5e-05
367847 367846 367845 - 0.0021000000000000003
841224 841225 841226 - 0.004833333333333334
674439 674440 - 0.0009625
74333 28220 96392 96393 19605 19606 - 0.0130375
802830 802831 802832 802833 - 0.0033375
219764 219763 219762 219761 219760 219759 - 0.0003333333333333334
659497 659498 659499 659500 659501 - 0.004833333333333334
847799 847791 - 0.0020666666666666667
36390 36389 36388 - 0.0002
464637 464638 464639 464640 - 0.006145454545454546
606400 606401 606402 606403 606404 606405 606406 606407 - 0.0028
589599 589598 - 0.0012333333333333332
572048 572050 572051 - 0.004533333333333334
95247 95248 - 0.000475
830533 830534 - 0.0006333333333333333
295535 295534 - 0.0006666666666666666
608857 608879 607483 607484 607485 607486 607356 607487 607488 608862 - 0.017200000000000003
464497 464496 464495 464494 514984 514983 514975 514974 - 0.013433333333333332
824983 824984 824989 824990 824991 824992 824950 824997 824964 - 0.0025555555555555557
665545 665544 665543 665542 665541 - 0.001175
70231 70230 - 5e-05
651593 651592 651591 347078 - 0.0010363636363636365
394527 394526 394525 - 0.0008333333333333333
770794 771019 - 0.0011333333333333334
754495 754496 - 0.0008
479702 479703 - 0.0024555555555555554
165485 165486 165487 - 0.0015666666666666667
781437 781265 781266 781267 - 0.0051333333333333335
115205 115206 115207 - 0.0002875
43974 43975 43976 43977 43971 43978 22 - 0.0031750000000000003
920235 920234 - 5e-05
887290 887289 665246 - 0.0002666666666666667
119562 119561 157980 - 0.011762500000000002
3779 3778 3777 - 0.0022333333333333337
107925 107926 106149 - 0.00030000000000000003
824896 81645 84485 - 0.00047499999999999994
880262 880261 880260 - 0.00030000000000000003
488527 488526 488354 - 0.012233333333333334
336629 336630 336631 - 0.0013
356395 356396 356397 356398 - 0.000575
552313 552307 552308 552309 552310 552311 552312 552299 552300 - 0.011550000000000001
666337 666336 666335 - 0.0013625
857066 857065 478304 478305 - 0.00787638888888889
475872 475873 475856 475857 475858 - 0.0004666666666666667
700927 700926 - 3.7500000000000003e-05
653430 653431 653432 653411 653410 653409 653385 - 0.004875000000000001
454692 454691 454690 454689 - 0.0005
581668 581669 738371 738921 738922 738923 738924 - 0.0055989898989898985
874523 874522 874521 - 0.0016333333333333334
212531 212530 - 3.3333333333333335e-05
344919 344918 344917 344916 - 0.00011250000000000001
431322 431321 431320 431319 431318 - 0.0032333333333333333
446641 446640 446639 446638 - 0.0016333333333333336
137127 137126 137125 137124 137123 - 0.0013000000000000002
145636 145637 145638 145639 - 0.0023666666666666667
269967 269968 269969 - 0.00030000000000000003
220381 220380 220379 - 0.0046
422634 422635 422636 422637 422638 422639 422640 - 0.0012666666666666666
222318 222317 - 7.777777777777778e-05
836446 836445 836444 836443 836442 - 0.002322222222222222
272294 272295 272296 - 0.002633333333333333
355127 355128 355129 - 0.00023333333333333333
102381 102382 - 0.0005333333333333334
633523 633522 - 3.7500000000000003e-05
81136 78076 81135 81134 81133 81132 81131 - 0.000225
646971 852533 852534 852535 852536 - 0.0022454545454545457
751384 751385 - 0.0022624999999999998
492775 492776 492777 492778 492779 492780 492781 - 0.006533333333333334
853581 853580 853579 853578 853577 - 0.003925
618496 618495 618494 - 0.0001
598890 598891 - 0.0014333333333333336
302473 302474 256555 256556 - 0.0012500000000000002
936644 936575 936574 - 0.006066666666666666
